0.123461,0.040421,0.836118
0.582608,0.417382,0.000010
0.143691,0.048717,0.807592
0.656838,0.343111,0.000051
0.935017,0.064844,0.000139
0.127530,0.042360,0.830110
0.038924,0.961076,0.000000
0.049169,0.950831,0.000000
0.081336,0.023771,0.894894
0.957755,0.042230,0.000015
0.810310,0.189664,0.000026
0.102786,0.031314,0.865900
0.497481,0.502386,0.000134
0.032330,0.967670,0.000000
0.311221,0.688776,0.000002
0.362943,0.637035,0.000022
0.950509,0.049434,0.000056
0.136688,0.863312,0.000000
0.951497,0.048487,0.000017
0.207888,0.792111,0.000002
0.092350,0.907650,0.000000
0.150663,0.849337,0.000000
0.069413,0.018673,0.911914
0.061404,0.017206,0.921391
0.355372,0.145489,0.499140
0.088723,0.026847,0.884429
0.208931,0.087541,0.703528
0.385982,0.612140,0.001879
0.218256,0.781744,0.000000
0.083669,0.023325,0.893006
0.216010,0.783042,0.000948
0.944033,0.055925,0.000042
0.146077,0.853923,0.000000
0.200761,0.077425,0.721814
0.938395,0.061530,0.000075
0.502975,0.462758,0.034267
0.012683,0.987317,0.000000
0.081663,0.024107,0.894229
0.071414,0.019807,0.908779
0.953182,0.046804,0.000014
0.986864,0.013126,0.000010
0.487871,0.511653,0.000476
0.294212,0.686883,0.018904
0.019491,0.980509,0.000000
0.425773,0.234487,0.339739
0.063742,0.017938,0.918320
0.331114,0.668879,0.000007
0.961343,0.038635,0.000022
0.058801,0.016268,0.924932
0.940000,0.059894,0.000105
0.935817,0.064150,0.000033
0.165590,0.056891,0.777519
0.149223,0.048542,0.802235
0.208958,0.791040,0.000002
0.985380,0.014602,0.000018
0.274552,0.129067,0.596382
0.947639,0.052357,0.000004
0.041935,0.958065,0.000000
0.076151,0.021402,0.902447
0.137947,0.048361,0.813692
0.947134,0.052826,0.000041
0.942869,0.057018,0.000113
0.927915,0.072052,0.000033
0.150270,0.053941,0.795789
0.405974,0.593839,0.000187
0.808557,0.191374,0.000069
0.948499,0.051410,0.000091
0.367295,0.632585,0.000121
0.040610,0.959390,0.000000
0.093362,0.028124,0.878514
0.358723,0.187169,0.454108
0.081958,0.023677,0.894365
0.933410,0.066574,0.000016
0.948733,0.051208,0.000059
0.062102,0.017222,0.920676
0.275516,0.712818,0.011666
0.930998,0.068969,0.000033
0.485901,0.458939,0.055159
0.555716,0.443612,0.000671
0.710759,0.287759,0.001482
0.617133,0.382867,0.000000
0.113739,0.886259,0.000002
0.027776,0.972224,0.000000
0.067049,0.018737,0.914214
0.302361,0.697464,0.000174
0.937415,0.062565,0.000020
0.193090,0.067250,0.739661
0.205951,0.083008,0.711041
0.424643,0.569998,0.005359
0.266554,0.732625,0.000820
0.923852,0.076092,0.000056
0.919152,0.080810,0.000038
0.070977,0.929023,0.000000
0.939000,0.060941,0.000059
0.025119,0.974881,0.000000
0.297056,0.148753,0.554190
0.456308,0.543546,0.000146
0.199629,0.074239,0.726132
0.934018,0.065940,0.000042
0.769380,0.230456,0.000163
0.191822,0.808178,0.000000
0.302185,0.697815,0.000000
0.598013,0.401976,0.000010
0.077630,0.022093,0.900277
0.653153,0.346847,0.000000
0.068490,0.018888,0.912622
0.974919,0.025047,0.000034
0.104728,0.032953,0.862319
0.954685,0.045274,0.000040
0.191927,0.808070,0.000003
0.182142,0.817856,0.000002
0.010814,0.989186,0.000000
0.084466,0.024573,0.890961
0.028566,0.971434,0.000000
0.545682,0.454308,0.000010
0.158480,0.841519,0.000000
0.805188,0.194811,0.000002
0.261051,0.115341,0.623608
0.963764,0.036229,0.000007
0.432101,0.567848,0.000051
0.267290,0.121982,0.610728
0.029039,0.970961,0.000000
0.936912,0.063048,0.000040
0.949672,0.050318,0.000010
0.378101,0.205751,0.416148
0.062391,0.016607,0.921002
0.943414,0.056520,0.000067
0.162726,0.055570,0.781704
0.935782,0.064034,0.000184
0.696126,0.303848,0.000026
0.292174,0.138278,0.569548
0.068151,0.931849,0.000000
0.311446,0.154053,0.534500
0.412286,0.587714,0.000000
0.669665,0.330327,0.000009
0.041063,0.958937,0.000000
0.008088,0.991912,0.000000
0.007992,0.992008,0.000000
0.082137,0.917863,0.000000
0.013014,0.986986,0.000000
0.567415,0.432585,0.000000
0.308190,0.691777,0.000033
0.008287,0.991713,0.000000
0.219092,0.094051,0.686857
0.720683,0.279291,0.000026
0.049480,0.950520,0.000000
0.264953,0.113547,0.621500
0.131094,0.868906,0.000000
0.434838,0.560518,0.004645
0.163025,0.836975,0.000000
0.091211,0.027340,0.881450
0.093763,0.906237,0.000000
0.016156,0.983844,0.000000
0.922152,0.077771,0.000077
0.103062,0.896938,0.000000
0.450011,0.257070,0.292919
0.061717,0.017420,0.920864
0.943655,0.056338,0.000007
0.948331,0.051647,0.000021
0.137753,0.045427,0.816821
0.073056,0.020958,0.905986
0.956913,0.043067,0.000020
0.133852,0.866148,0.000000
0.067006,0.019438,0.913556
0.086674,0.025659,0.887667
0.936175,0.063800,0.000024
0.069332,0.019984,0.910684
0.450723,0.548294,0.000983
0.050132,0.949868,0.000000
0.018208,0.981792,0.000000
0.016094,0.983906,0.000000
0.741123,0.258804,0.000073
0.117678,0.036310,0.846012
0.622088,0.377167,0.000744
0.198247,0.071566,0.730188
0.092781,0.027848,0.879371
0.094526,0.905474,0.000000
0.005910,0.994090,0.000000
0.942648,0.057312,0.000039
0.231818,0.768182,0.000000
0.952134,0.047863,0.000002
0.402532,0.597464,0.000004
0.136514,0.046141,0.817345
0.065045,0.934955,0.000000
0.492399,0.506892,0.000709
0.076782,0.923217,0.000000
0.379349,0.620514,0.000137
0.324716,0.163011,0.512273
0.401496,0.598501,0.000003
0.465674,0.534322,0.000004
0.875321,0.124427,0.000252
0.088927,0.911073,0.000000
0.109462,0.890538,0.000000
0.932409,0.067559,0.000033
0.047359,0.952641,0.000000
0.092975,0.026293,0.880732
0.965874,0.034043,0.000083
0.283944,0.702952,0.013104
0.944833,0.055145,0.000022
0.165628,0.057911,0.776461
0.259208,0.740792,0.000000
0.065042,0.017975,0.916982
0.259766,0.112804,0.627430
0.948788,0.051210,0.000002
0.941215,0.058702,0.000083
0.255316,0.113692,0.630992
0.049430,0.950570,0.000000
0.275916,0.724084,0.000000
0.842262,0.157625,0.000114
0.115655,0.036300,0.848045
0.034034,0.965966,0.000000
0.325246,0.674719,0.000034
0.078949,0.921051,0.000000
0.178068,0.821805,0.000127
0.351518,0.648470,0.000011
0.144509,0.855491,0.000000
0.469620,0.530343,0.000037
0.955170,0.044823,0.000007
0.157102,0.059665,0.783233
0.594644,0.319610,0.085746
0.386503,0.613186,0.000312
0.110315,0.034096,0.855588
0.923576,0.076405,0.000020
0.006226,0.993774,0.000000
0.141083,0.858914,0.000003
0.066539,0.018505,0.914955
0.946795,0.053190,0.000014
0.278499,0.720600,0.000901
0.006347,0.993654,0.000000
0.202986,0.075314,0.721701
0.045873,0.954127,0.000000
0.013526,0.986474,0.000000
0.863909,0.136051,0.000040
0.068282,0.931718,0.000000
0.760953,0.239025,0.000022
0.111237,0.035981,0.852783
0.069934,0.020040,0.910026
0.553705,0.446274,0.000021
0.520415,0.479535,0.000050
0.846016,0.153967,0.000017
0.062999,0.016809,0.920193
0.121940,0.878060,0.000000
0.445073,0.554906,0.000021
0.981846,0.018154,0.000000
0.942006,0.057978,0.000016
0.510391,0.489577,0.000032
0.004927,0.995073,0.000000
0.346876,0.653080,0.000045
0.956434,0.043555,0.000011
0.891700,0.108276,0.000024
0.940539,0.059435,0.000026
0.961211,0.038765,0.000023
0.097903,0.029605,0.872491
0.008237,0.991763,0.000000
0.130845,0.869155,0.000000
0.235579,0.764384,0.000037
0.070771,0.019461,0.909768
0.081851,0.022669,0.895480
0.410925,0.582491,0.006583
0.108018,0.035868,0.856113
0.146099,0.853901,0.000001
0.054135,0.945865,0.000000
0.089563,0.027023,0.883414
0.931227,0.068760,0.000014
0.464482,0.535313,0.000205
0.976395,0.023544,0.000061
0.326934,0.673060,0.000006
0.681170,0.318826,0.000004
0.226603,0.092349,0.681048
0.095902,0.029386,0.874711
0.568412,0.427929,0.003659
0.333788,0.666212,0.000000
0.489935,0.506148,0.003917
0.098833,0.029951,0.871216
0.856078,0.143913,0.000009
0.016726,0.983274,0.000000
0.034342,0.965658,0.000000
0.981846,0.018154,0.000000
0.953252,0.046748,0.000001
0.006346,0.993654,0.000000
0.145453,0.049284,0.805263
0.067963,0.017900,0.914137
0.642401,0.357574,0.000025
0.091941,0.027837,0.880222
0.931645,0.068223,0.000132
0.950971,0.049018,0.000010
0.124992,0.042700,0.832308
0.060535,0.017055,0.922411
0.247219,0.101273,0.651508
0.102875,0.031357,0.865768
0.305946,0.694016,0.000037
0.295963,0.704036,0.000001
0.213512,0.075093,0.711394
0.949357,0.050620,0.000023
0.272698,0.126869,0.600433
0.272505,0.125571,0.601924
0.244967,0.107406,0.647626
0.410184,0.588143,0.001673
0.062493,0.017268,0.920240
0.275916,0.724084,0.000000
0.947217,0.052739,0.000044
0.533167,0.466819,0.000014
0.645052,0.354926,0.000021
0.946860,0.053136,0.000004
0.094954,0.028250,0.876796
0.065258,0.017896,0.916846
0.693204,0.306795,0.000001
0.960306,0.039674,0.000020
0.178358,0.065130,0.756511
0.065518,0.018273,0.916209
0.621884,0.378047,0.000069
0.036320,0.963680,0.000000
0.857001,0.142995,0.000004
0.558321,0.215066,0.226613
0.544258,0.455737,0.000006
0.101015,0.898985,0.000000
0.340547,0.165495,0.493958
0.008969,0.991031,0.000000
0.249240,0.107605,0.643155
0.123271,0.041137,0.835591
0.064061,0.017502,0.918437
0.004764,0.995236,0.000000
0.818279,0.181720,0.000001
0.096705,0.028146,0.875149
0.940946,0.059015,0.000039
0.931924,0.068066,0.000010
0.192898,0.072634,0.734468
0.137882,0.862118,0.000000
0.336242,0.120152,0.543606
0.063143,0.017860,0.918997
0.190276,0.072112,0.737612
0.938779,0.061201,0.000020
0.210093,0.086093,0.703814
0.096318,0.029687,0.873995
0.587730,0.409189,0.003082
0.671302,0.328686,0.000012
0.857001,0.142995,0.000004
0.754330,0.245665,0.000005
0.103526,0.032350,0.864123
0.112914,0.887085,0.000001
0.942197,0.057797,0.000007
0.006011,0.993989,0.000000
0.520420,0.479442,0.000138
0.446302,0.553698,0.000000
0.076617,0.022030,0.901353
0.923582,0.076396,0.000022
0.951118,0.048823,0.000059
0.056471,0.015863,0.927666
0.077545,0.922455,0.000000
0.001390,0.998610,0.000000
0.019671,0.980329,0.000000
0.077841,0.021386,0.900772
0.899491,0.100106,0.000403
0.403022,0.596907,0.000071
0.526507,0.361047,0.112446
0.945480,0.054455,0.000065
0.094856,0.028947,0.876197
0.017715,0.982285,0.000000
0.163602,0.836394,0.000004
0.175978,0.824022,0.000000
0.541183,0.458776,0.000041
0.941322,0.058619,0.000059
0.150954,0.849046,0.000000
0.288815,0.711176,0.000009
0.312234,0.671143,0.016622
0.318678,0.681306,0.000015
0.152450,0.847405,0.000145
0.104899,0.895096,0.000006
0.947879,0.052106,0.000015
0.061335,0.017244,0.921421
0.042352,0.957648,0.000000
0.175327,0.061677,0.762996
0.320411,0.679467,0.000122
0.450709,0.549263,0.000028
0.988818,0.011162,0.000020
0.371454,0.191052,0.437494
0.904073,0.095895,0.000032
0.020940,0.979060,0.000000
0.878658,0.121301,0.000041
0.095076,0.904924,0.000000
0.070796,0.018975,0.910228
0.217704,0.092159,0.690138
0.145787,0.047737,0.806476
0.946232,0.053732,0.000036
0.127537,0.041145,0.831318
0.089294,0.026763,0.883943
0.950785,0.049120,0.000095
0.015529,0.984471,0.000000
0.441857,0.557784,0.000359
0.413974,0.586026,0.000000
0.943078,0.056863,0.000059
0.321070,0.678918,0.000012
0.948097,0.051852,0.000051
0.036984,0.963016,0.000000
0.177360,0.061547,0.761092
0.288384,0.711614,0.000002
0.085731,0.025618,0.888651
0.954384,0.045544,0.000072
0.897031,0.102955,0.000014
0.757030,0.242965,0.000004
0.086420,0.913580,0.000000
0.053714,0.946286,0.000000
0.931858,0.068093,0.000049
0.292022,0.707978,0.000000
0.069464,0.930536,0.000000
0.905313,0.094626,0.000061
0.908922,0.091050,0.000029
0.213312,0.786687,0.000001
0.310160,0.689836,0.000004
0.934277,0.065710,0.000014
0.133852,0.866148,0.000000
0.933992,0.065997,0.000011
0.919182,0.080515,0.000303
0.178941,0.062431,0.758628
0.414524,0.233390,0.352086
0.918211,0.081744,0.000045
0.078139,0.022469,0.899392
0.943759,0.056171,0.000070
0.919254,0.080651,0.000095
0.955740,0.044250,0.000009
0.579309,0.420685,0.000006
0.921011,0.078982,0.000008
0.231114,0.100065,0.668821
0.214389,0.082918,0.702692
0.231152,0.768848,0.000000
0.430725,0.568927,0.000348
0.018106,0.981894,0.000000
0.960390,0.039610,0.000000
0.180790,0.819206,0.000004
0.589280,0.410367,0.000354
0.226809,0.097409,0.675782
0.925481,0.074489,0.000030
0.946371,0.053601,0.000028
0.405058,0.593388,0.001554
0.180865,0.071203,0.747932
0.062705,0.017423,0.919873
0.227811,0.089837,0.682352
0.949400,0.050518,0.000083
0.035459,0.964541,0.000000
0.919690,0.080298,0.000012
0.943953,0.056005,0.000042
0.287418,0.712567,0.000015
0.960310,0.039677,0.000013
0.533056,0.463299,0.003645
0.268351,0.731648,0.000001
0.948476,0.051524,0.000000
0.091257,0.908743,0.000000
0.309045,0.690954,0.000000
0.353409,0.646518,0.000072
0.222589,0.777411,0.000000
0.573723,0.251816,0.174461
0.942602,0.057338,0.000060
0.069337,0.018434,0.912229
0.954261,0.045696,0.000043
0.082030,0.022609,0.895361
0.064919,0.935081,0.000000
0.194982,0.804671,0.000347
0.214207,0.085286,0.700507
0.079131,0.022820,0.898050
0.309776,0.687806,0.002418
0.944278,0.055672,0.000050
0.949270,0.050704,0.000026
0.280525,0.715548,0.003927
0.182274,0.817720,0.000005
0.962488,0.037497,0.000014
0.235637,0.764363,0.000001
0.095132,0.029039,0.875828
0.082883,0.023655,0.893462
0.499878,0.500118,0.000004
0.087491,0.026243,0.886266
0.274408,0.125402,0.600190
0.290765,0.709128,0.000107
0.302012,0.697988,0.000000
0.942091,0.057902,0.000007
0.550288,0.367157,0.082554
0.479969,0.495470,0.024561
0.075065,0.020197,0.904738
0.867846,0.132033,0.000121
0.311022,0.688975,0.000003
0.073681,0.020853,0.905466
0.508577,0.488625,0.002799
0.068148,0.019105,0.912747
0.070017,0.929983,0.000000
0.022411,0.977589,0.000000
0.916975,0.083017,0.000008
0.304157,0.695602,0.000241
0.931919,0.068065,0.000016
0.225547,0.097688,0.676765
0.278917,0.721075,0.000009
0.202857,0.797142,0.000000
0.566753,0.252099,0.181148
0.955534,0.044455,0.000011
0.088337,0.024584,0.887079
0.068168,0.018254,0.913578
0.192164,0.807802,0.000035
0.070114,0.019518,0.910368
0.107215,0.892766,0.000019
0.229071,0.088187,0.682743
0.573251,0.426653,0.000097
0.077700,0.922300,0.000000
0.220897,0.779100,0.000003
0.949911,0.050052,0.000037
0.955619,0.044359,0.000021
0.963984,0.036005,0.000011
0.176293,0.061845,0.761862
0.255084,0.088440,0.656476
0.205245,0.794523,0.000232
0.745641,0.254333,0.000027
0.955137,0.044854,0.000008
0.938098,0.061895,0.000006
0.660704,0.339268,0.000029
0.485000,0.490522,0.024478
0.932587,0.067403,0.000010
0.099205,0.900795,0.000000
0.340554,0.659445,0.000001
0.287000,0.134194,0.578806
0.927180,0.072815,0.000006
0.284345,0.715655,0.000000
0.223150,0.776845,0.000006
0.074391,0.021118,0.904491
0.168807,0.062118,0.769075
0.930930,0.068999,0.000071
0.193101,0.806899,0.000000
0.963731,0.036257,0.000012
0.091727,0.027630,0.880643
0.928471,0.071497,0.000031
0.781444,0.218544,0.000012
0.099741,0.900254,0.000005
0.174139,0.062528,0.763334
0.094685,0.028577,0.876738
0.937950,0.062033,0.000018
0.112351,0.036396,0.851253
0.972301,0.027698,0.000001
0.471724,0.290368,0.237908
0.346876,0.653080,0.000045
0.943692,0.056270,0.000038
0.097662,0.902338,0.000000
0.164137,0.835862,0.000000
0.013223,0.986777,0.000000
0.015137,0.984863,0.000000
0.840008,0.159355,0.000637
0.008721,0.991279,0.000000
0.936964,0.063008,0.000029
0.016297,0.983703,0.000000
0.400286,0.599476,0.000239
0.222933,0.094981,0.682086
0.075272,0.020236,0.904492
0.256902,0.120785,0.622313
0.075188,0.021643,0.903169
0.039779,0.960220,0.000000
0.953406,0.046572,0.000022
0.088858,0.026547,0.884595
0.947155,0.052753,0.000091
0.360408,0.639584,0.000008
0.209384,0.790616,0.000000
0.036366,0.963634,0.000000
0.107923,0.034827,0.857250
0.202618,0.084072,0.713310
0.886446,0.113455,0.000100
0.104725,0.032494,0.862781
0.929213,0.070731,0.000056
0.509963,0.424466,0.065571
0.923193,0.076793,0.000014
0.076504,0.923496,0.000000
0.807210,0.192790,0.000000
0.229350,0.091226,0.679423
0.223052,0.776948,0.000000
0.107754,0.036997,0.855249
0.530973,0.468228,0.000799
0.363296,0.202137,0.434567
0.044432,0.955568,0.000000
0.952052,0.047946,0.000002
0.058504,0.941496,0.000000
0.747928,0.252038,0.000034
0.802955,0.196946,0.000100
0.107057,0.033776,0.859167
0.542930,0.457010,0.000060
0.068369,0.019205,0.912425
0.462743,0.287084,0.250174
0.115966,0.036278,0.847756
0.185768,0.814232,0.000000
0.931854,0.068085,0.000061
0.305280,0.694718,0.000001
0.113434,0.036487,0.850079
0.898496,0.101491,0.000013
0.158005,0.057813,0.784182
0.563863,0.436090,0.000047
0.184976,0.815024,0.000000
0.925846,0.074115,0.000039
0.135870,0.864129,0.000000
0.228328,0.771671,0.000001
0.672474,0.327479,0.000047
0.076504,0.923496,0.000000
0.963791,0.036089,0.000121
0.087442,0.025261,0.887296
0.949656,0.050304,0.000040
0.340554,0.659445,0.000001
0.035907,0.964093,0.000000
0.030578,0.969422,0.000000
0.015039,0.984961,0.000000
0.008518,0.991482,0.000000
0.956713,0.043268,0.000019
0.375611,0.219631,0.404758
0.290381,0.709614,0.000006
0.100496,0.899490,0.000013
0.074864,0.020272,0.904864
0.741123,0.258804,0.000073
0.949492,0.050430,0.000077
0.032684,0.967316,0.000000
0.397682,0.213386,0.388932
0.373260,0.626738,0.000002
0.937180,0.062774,0.000046
0.115461,0.034352,0.850187
0.959883,0.040097,0.000020
0.259213,0.740782,0.000005
0.940761,0.059204,0.000036
0.005628,0.994372,0.000000
0.241660,0.097738,0.660602
0.095589,0.904411,0.000000
0.945434,0.054514,0.000052
0.075047,0.020143,0.904810
0.946371,0.053601,0.000028
0.950003,0.049967,0.000030
0.940835,0.059101,0.000064
0.165046,0.834954,0.000000
0.671621,0.327319,0.001060
0.955380,0.044593,0.000027
0.092323,0.907677,0.000000
0.174649,0.825351,0.000000
0.077745,0.922255,0.000000
0.003171,0.996829,0.000000
0.947545,0.052452,0.000003
0.192689,0.067444,0.739867
0.483572,0.515257,0.001171
0.076283,0.923717,0.000000
0.128705,0.041932,0.829363
0.053781,0.946218,0.000000
0.945381,0.054514,0.000105
0.223288,0.097939,0.678772
0.947631,0.052368,0.000001
0.941746,0.058254,0.000000
0.948773,0.051201,0.000025
0.073478,0.926521,0.000000
0.004607,0.995393,0.000000
0.067518,0.018552,0.913929
0.352345,0.647652,0.000003
0.199451,0.078711,0.721839
0.135437,0.045954,0.818609
0.143972,0.855987,0.000041
0.322909,0.649659,0.027432
0.962935,0.037045,0.000020
0.195315,0.070863,0.733822
0.945682,0.054239,0.000079
0.848539,0.151433,0.000027
0.863012,0.136982,0.000007
0.078832,0.021340,0.899827
0.942212,0.057709,0.000080
0.447066,0.182610,0.370323
0.363389,0.636411,0.000200
0.229594,0.090942,0.679464
0.212933,0.787060,0.000007
0.074429,0.925571,0.000000
0.152682,0.055423,0.791895
0.618843,0.381144,0.000013
0.087339,0.026070,0.886591
0.508770,0.491222,0.000008
0.007552,0.992448,0.000000
0.077642,0.021758,0.900600
0.932564,0.067408,0.000028
0.893241,0.106754,0.000005
0.202936,0.082566,0.714498
0.073157,0.020534,0.906309
0.956638,0.043348,0.000014
0.940358,0.059585,0.000057
0.955101,0.044882,0.000017
0.150840,0.849004,0.000157
0.212933,0.787060,0.000007
0.920380,0.079590,0.000031
0.084329,0.915671,0.000000
0.321472,0.678524,0.000004
0.218393,0.083121,0.698487
0.101489,0.898509,0.000002
0.918313,0.081664,0.000022
0.254941,0.745050,0.000009
0.294940,0.143019,0.562041
0.009983,0.990017,0.000000
0.472266,0.289148,0.238586
0.177400,0.822600,0.000000
0.936388,0.063561,0.000050
0.091945,0.027734,0.880322
0.137450,0.862550,0.000000
0.268493,0.731505,0.000003
0.923416,0.076543,0.000041
0.187935,0.812064,0.000001
0.263823,0.736110,0.000068
0.013590,0.986410,0.000000
0.180627,0.067680,0.751693
0.008969,0.991031,0.000000
0.080993,0.021837,0.897170
0.865643,0.134306,0.000050
0.958406,0.041534,0.000061
0.942751,0.057224,0.000024
0.945417,0.054527,0.000056
0.300952,0.147268,0.551780
0.284346,0.715652,0.000003
0.062313,0.017192,0.920495
0.960375,0.039608,0.000017
0.513733,0.483745,0.002522
0.960772,0.039220,0.000008
0.057091,0.942909,0.000000
0.922156,0.077815,0.000029
0.080900,0.919098,0.000002
0.068751,0.931249,0.000000
0.953151,0.046837,0.000012
0.096008,0.903992,0.000000
0.205717,0.794282,0.000000
0.069083,0.018979,0.911938
0.370270,0.576347,0.053383
0.014994,0.985006,0.000000
0.955546,0.044447,0.000008
0.073201,0.020603,0.906196
0.154708,0.845290,0.000002
0.919812,0.080187,0.000001
0.755080,0.244594,0.000326
0.104884,0.032711,0.862405
0.892924,0.107069,0.000007
0.135594,0.864357,0.000049
0.075145,0.022404,0.902451
0.277314,0.722685,0.000002
0.075330,0.020449,0.904220
0.435074,0.564886,0.000040
0.287936,0.712059,0.000005
0.237705,0.762293,0.000001
0.388804,0.611189,0.000007
0.068404,0.931596,0.000000
0.176975,0.823025,0.000001
0.947851,0.052072,0.000077
0.917886,0.082103,0.000011
0.140526,0.048069,0.811405
0.396285,0.521636,0.082079
0.885049,0.114905,0.000046
0.615759,0.384222,0.000019
0.945473,0.054525,0.000002
0.051056,0.948944,0.000000
0.162789,0.837211,0.000000
0.245241,0.112298,0.642461
0.035834,0.964166,0.000000
0.124372,0.875628,0.000000
0.859933,0.140061,0.000006
0.146689,0.853311,0.000000
0.827089,0.172909,0.000002
0.004673,0.995327,0.000000
0.317734,0.682237,0.000028
0.952307,0.047691,0.000002
0.048551,0.951449,0.000001
0.102749,0.031628,0.865622
0.943499,0.056500,0.000001
0.178144,0.821856,0.000000
0.409940,0.590011,0.000049
0.016402,0.983597,0.000000
0.060043,0.016698,0.923260
0.950859,0.049083,0.000058
0.007016,0.992984,0.000000
0.706241,0.293757,0.000002
0.926124,0.073813,0.000062
0.802762,0.197060,0.000177
0.176759,0.061316,0.761926
0.619466,0.380510,0.000024
0.387451,0.611690,0.000859
0.025017,0.974983,0.000000
0.005589,0.994412,0.000000
0.939802,0.060147,0.000050
0.118249,0.039395,0.842356
0.812130,0.187722,0.000147
0.040430,0.959570,0.000000
0.948253,0.051687,0.000060
0.022705,0.977295,0.000000
0.273913,0.104455,0.621632
0.075858,0.021721,0.902421
0.077998,0.922002,0.000000
0.090601,0.026915,0.882484
0.426319,0.259892,0.313789
0.144115,0.046772,0.809113
0.020581,0.979419,0.000000
0.010220,0.989780,0.000000
0.435043,0.564749,0.000208
0.122336,0.039804,0.837860
0.706042,0.293957,0.000000
0.915314,0.084680,0.000006
0.561342,0.438658,0.000000
0.759352,0.240643,0.000005
0.941322,0.058619,0.000059
0.170861,0.063889,0.765250
0.406374,0.593624,0.000003
0.610366,0.389634,0.000000
0.072396,0.020824,0.906780
0.462469,0.280985,0.256546
0.263716,0.736281,0.000002
0.072535,0.927465,0.000000
0.004502,0.995498,0.000000
0.680470,0.319472,0.000057
0.229501,0.102018,0.668481
0.011164,0.988836,0.000000
0.428055,0.487145,0.084800
0.254227,0.104104,0.641670
0.066289,0.018842,0.914868
0.312105,0.687492,0.000403
0.522856,0.281925,0.195219
0.951180,0.048818,0.000002
0.957616,0.042372,0.000012
0.495830,0.486943,0.017227
0.005518,0.994482,0.000000
0.953701,0.046258,0.000040
0.063025,0.017075,0.919900
0.009617,0.990383,0.000000
0.097506,0.030070,0.872424
0.026033,0.973967,0.000000
0.319103,0.680886,0.000011
0.533067,0.466598,0.000335
0.080689,0.023342,0.895968
0.936303,0.063677,0.000020
0.483774,0.516214,0.000013
0.163025,0.836975,0.000000
0.952131,0.047854,0.000015
0.013139,0.986861,0.000000
0.261833,0.738167,0.000000
0.062578,0.016971,0.920451
0.917933,0.082054,0.000013
0.013203,0.986797,0.000000
0.062946,0.017313,0.919741
0.976786,0.023188,0.000026
0.241988,0.758012,0.000000
0.009138,0.990862,0.000000
0.029612,0.970388,0.000000
0.631024,0.368850,0.000126
0.034531,0.965469,0.000000
0.447759,0.552203,0.000038
0.721369,0.278629,0.000002
0.906165,0.093826,0.000009
0.985761,0.014227,0.000012
0.757826,0.242160,0.000014
0.132673,0.867327,0.000000
0.634950,0.365044,0.000006
0.097449,0.029202,0.873348
0.472481,0.525353,0.002166
0.479666,0.518395,0.001939
0.331144,0.668855,0.000001
0.379057,0.195155,0.425788
0.929805,0.070155,0.000040
0.785848,0.214138,0.000015
0.934233,0.065753,0.000014
0.936507,0.063443,0.000050
0.353863,0.134161,0.511976
0.074864,0.020272,0.904864
0.081513,0.022824,0.895663
0.930680,0.069319,0.000001
0.371483,0.214175,0.414342
0.300513,0.699486,0.000001
0.573720,0.234247,0.192033
0.939965,0.060033,0.000002
0.077635,0.922365,0.000000
0.147378,0.852622,0.000000
0.312800,0.687189,0.000011
0.088210,0.026513,0.885277
0.951146,0.048825,0.000029
0.559605,0.440363,0.000032
0.065800,0.018499,0.915702
0.069038,0.019757,0.911206
0.939704,0.060294,0.000002
0.004397,0.995604,0.000000
0.952760,0.047227,0.000013
0.454876,0.545118,0.000006
0.236135,0.763864,0.000001
0.962605,0.037389,0.000005
0.049188,0.950812,0.000000
0.160578,0.054420,0.785002
0.066573,0.018568,0.914859
0.779695,0.220248,0.000057
0.083574,0.025326,0.891100
0.466629,0.533371,0.000000
0.334300,0.665698,0.000002
0.615929,0.384063,0.000008
0.070537,0.929463,0.000000
0.683365,0.316622,0.000013
0.945030,0.054933,0.000037
0.876955,0.123018,0.000027
0.094186,0.027907,0.877907
0.402773,0.597216,0.000011
0.935643,0.064349,0.000008
0.001086,0.998914,0.000000
0.496187,0.503665,0.000148
0.368851,0.631010,0.000139
0.932852,0.067140,0.000008
0.319691,0.680284,0.000025
0.397082,0.602901,0.000017
0.178068,0.821805,0.000127
0.066725,0.017568,0.915707
0.752264,0.247701,0.000035
0.189512,0.070615,0.739872
0.947030,0.052929,0.000041
0.013625,0.986375,0.000000
0.532212,0.467787,0.000001
0.530476,0.344983,0.124541
0.128489,0.044089,0.827422
0.330285,0.658894,0.010821
0.945132,0.054836,0.000032
0.010536,0.989464,0.000000
0.134623,0.865283,0.000093
0.158391,0.053633,0.787976
0.323869,0.675900,0.000231
0.951524,0.048459,0.000017
0.339313,0.164147,0.496540
0.376084,0.199627,0.424289
0.114000,0.036042,0.849958
0.219553,0.093515,0.686932
0.004592,0.995408,0.000000
0.249212,0.745559,0.005229
0.130816,0.041647,0.827537
0.958377,0.041584,0.000039
0.067089,0.018655,0.914256
0.454489,0.288905,0.256606
0.448725,0.551219,0.000056
0.320430,0.167468,0.512102
0.352310,0.144044,0.503645
0.938719,0.061239,0.000042
0.018554,0.981446,0.000000
0.952405,0.047519,0.000076
0.324733,0.674880,0.000387
0.222476,0.775906,0.001618
0.222392,0.085603,0.692005
0.593977,0.406022,0.000001
0.275727,0.724271,0.000002
0.097647,0.902353,0.000000
0.157159,0.842841,0.000000
0.944980,0.055004,0.000016
0.003591,0.996409,0.000000
0.356564,0.643396,0.000040
0.072213,0.020059,0.907728
0.204963,0.795003,0.000034
0.059257,0.940743,0.000000
0.750082,0.249915,0.000003
0.143972,0.855987,0.000041
0.359096,0.167897,0.473007
0.771313,0.228687,0.000000
0.794606,0.204523,0.000871
0.905607,0.094378,0.000015
0.607378,0.366852,0.025770
0.939893,0.060036,0.000070
0.250688,0.749312,0.000000
0.725375,0.274577,0.000048
0.050101,0.949899,0.000000
0.957689,0.042217,0.000094
0.124412,0.040283,0.835305
0.440779,0.559221,0.000000
0.526776,0.336203,0.137021
0.100886,0.899114,0.000000
0.400836,0.548401,0.050764
0.780129,0.219868,0.000003
0.931622,0.068328,0.000051
0.111146,0.034198,0.854656
0.986661,0.013325,0.000014
0.161709,0.055945,0.782346
0.751492,0.248465,0.000043
0.170640,0.829359,0.000000
0.954939,0.045009,0.000052
0.261944,0.117422,0.620634
0.704084,0.295891,0.000025
0.952481,0.047475,0.000044
0.019050,0.980950,0.000000
0.076378,0.021447,0.902175
0.038144,0.961856,0.000000
0.182871,0.067349,0.749780
0.200347,0.078079,0.721574
0.949146,0.050838,0.000016
0.945580,0.054394,0.000026
0.260292,0.117339,0.622368
0.928758,0.071179,0.000063
0.107299,0.033360,0.859341
0.063034,0.936966,0.000000
0.194426,0.076710,0.728864
0.070726,0.019817,0.909456
0.096368,0.029725,0.873906
0.254529,0.111847,0.633624
0.955424,0.044547,0.000029
0.254217,0.103407,0.642376
0.237705,0.762293,0.000001
0.008300,0.991700,0.000000
0.567858,0.429962,0.002180
0.122962,0.877038,0.000000
0.530517,0.466749,0.002734
0.393534,0.568219,0.038248
0.946223,0.053728,0.000049
0.565749,0.261262,0.172989
0.085804,0.914196,0.000000
0.096931,0.029791,0.873278
0.945838,0.054093,0.000069
0.290487,0.709511,0.000002
0.497501,0.431584,0.070915
0.012206,0.987794,0.000000
0.186433,0.813518,0.000049
0.868069,0.131808,0.000123
0.961874,0.038112,0.000014
0.066146,0.017788,0.916066
0.825882,0.174102,0.000016
0.229218,0.099195,0.671586
0.441329,0.550290,0.008381
0.009231,0.990769,0.000000
0.269088,0.730911,0.000000
0.952933,0.047034,0.000033
0.036112,0.963888,0.000000
0.638751,0.321721,0.039528
0.405058,0.593388,0.001554
0.077422,0.020967,0.901611
0.193237,0.806758,0.000006
0.100730,0.031125,0.868146
0.944396,0.055603,0.000001
0.328425,0.669452,0.002123
0.103685,0.896315,0.000000
0.624369,0.375551,0.000081
0.071281,0.019142,0.909577
0.578679,0.419343,0.001978
0.149787,0.850209,0.000004
0.386920,0.607769,0.005310
0.070762,0.019695,0.909543
0.431963,0.568036,0.000001
0.107746,0.034522,0.857732
0.977848,0.022136,0.000015
0.946549,0.053422,0.000029
0.150311,0.051014,0.798674
0.252377,0.091316,0.656307
0.347783,0.652178,0.000039
0.410924,0.589076,0.000000
0.579462,0.252439,0.168099
0.094730,0.027484,0.877786
0.250969,0.748970,0.000062
0.375848,0.621055,0.003097
0.907029,0.092971,0.000000
0.106157,0.032717,0.861126
0.954955,0.045033,0.000013
0.150157,0.849843,0.000000
0.238546,0.761454,0.000000
0.559850,0.431433,0.008717
0.055021,0.944979,0.000000
0.067161,0.018829,0.914010
0.065360,0.018083,0.916556
0.010919,0.989081,0.000000
0.960453,0.039522,0.000025
0.004719,0.995281,0.000000
0.957193,0.042796,0.000011
0.072576,0.019969,0.907454
0.047139,0.952861,0.000000
0.087692,0.026070,0.886238
0.024244,0.975756,0.000000
0.071160,0.019733,0.909107
0.158076,0.057744,0.784180
0.214894,0.076922,0.708184
0.068446,0.018504,0.913050
0.114530,0.885470,0.000000
0.947116,0.052837,0.000047
0.119359,0.880641,0.000000
0.692979,0.306930,0.000090
0.027248,0.972752,0.000000
0.067598,0.932402,0.000000
0.338768,0.661232,0.000000
0.023626,0.976374,0.000000
0.089482,0.027338,0.883181
0.125382,0.874543,0.000075
0.294316,0.141608,0.564076
0.056425,0.015538,0.928037
0.524294,0.475679,0.000027
0.832837,0.167161,0.000003
0.933484,0.066477,0.000039
0.948735,0.051243,0.000022
0.557169,0.442829,0.000002
0.001141,0.998859,0.000000
0.947519,0.052424,0.000056
0.082529,0.022737,0.894733
0.347802,0.647140,0.005058
0.450129,0.549866,0.000004
0.545871,0.449289,0.004840
0.010097,0.989903,0.000000
0.885023,0.114965,0.000012
0.348467,0.651015,0.000518
0.546694,0.228929,0.224377
0.982591,0.017409,0.000000
0.098055,0.901945,0.000000
0.386256,0.613725,0.000019
0.580142,0.419834,0.000023
0.149619,0.850378,0.000003
0.109798,0.890202,0.000000
0.158422,0.055232,0.786346
0.935120,0.064867,0.000013
0.729394,0.270606,0.000000
0.935597,0.064369,0.000034
0.229042,0.770957,0.000001
0.070796,0.018975,0.910228
0.958749,0.041231,0.000019
0.360121,0.638308,0.001571
0.096091,0.029176,0.874734
0.349498,0.650464,0.000038
0.960956,0.039022,0.000021
0.105847,0.894153,0.000000
0.063233,0.017618,0.919150
0.191509,0.072066,0.736424
0.032909,0.967091,0.000000
0.096950,0.029393,0.873658
0.049659,0.950340,0.000000
0.313928,0.686070,0.000001
0.646172,0.353766,0.000062
0.164240,0.835760,0.000000
0.852293,0.147707,0.000000
0.899425,0.100543,0.000033
0.939616,0.060324,0.000060
0.055533,0.944467,0.000000
0.946477,0.053498,0.000024
0.219424,0.778499,0.002077
0.276851,0.114688,0.608460
0.092145,0.027870,0.879985
0.002364,0.997636,0.000000
0.056922,0.015676,0.927402
0.611601,0.388377,0.000022
0.950282,0.049656,0.000062
0.072642,0.927358,0.000000
0.358669,0.641315,0.000016
0.930558,0.069427,0.000016
0.442075,0.528648,0.029278
0.931637,0.068335,0.000029
0.590807,0.409161,0.000031
0.008509,0.991491,0.000000
0.148334,0.851665,0.000000
0.167119,0.832881,0.000000
0.971690,0.028272,0.000038
0.010507,0.989493,0.000000
0.950635,0.049341,0.000024
0.938451,0.061499,0.000050
0.318215,0.681627,0.000157
0.509045,0.384349,0.106606
0.383782,0.616218,0.000000
0.186469,0.813531,0.000000
0.107798,0.892202,0.000000
0.192499,0.067872,0.739630
0.088093,0.026518,0.885388
0.828670,0.171317,0.000013
0.859150,0.140827,0.000023
0.158480,0.841519,0.000000
0.101055,0.029936,0.869010
0.199263,0.076749,0.723989
0.214687,0.090746,0.694567
0.680761,0.319210,0.000029
0.313709,0.686252,0.000039
0.935284,0.064656,0.000060
0.051176,0.948824,0.000000
0.951681,0.048231,0.000088
0.944750,0.055228,0.000021
0.484690,0.514626,0.000683
0.114791,0.885209,0.000000
0.179867,0.063387,0.756746
0.921202,0.078791,0.000008
0.134485,0.047312,0.818202
0.077474,0.922525,0.000000
0.062448,0.017160,0.920392
0.787956,0.212044,0.000000
0.312794,0.687184,0.000022
0.163125,0.836875,0.000000
0.770303,0.229314,0.000383
0.948229,0.051770,0.000001
0.109828,0.890172,0.000000
0.939782,0.060205,0.000013
0.007055,0.992945,0.000000
0.958500,0.041486,0.000014
0.343983,0.656012,0.000005
0.944331,0.055658,0.000011
0.063981,0.018086,0.917933
0.199263,0.076749,0.723989
0.943234,0.056713,0.000053
0.133832,0.044525,0.821643
0.947106,0.052850,0.000044
0.946051,0.053928,0.000021
0.007451,0.992549,0.000000
0.313449,0.686542,0.000009
0.355363,0.644531,0.000106
0.930146,0.069815,0.000039
0.233388,0.100937,0.665674
0.924800,0.075178,0.000023
0.517031,0.448225,0.034744
0.090022,0.027678,0.882300
0.077187,0.922813,0.000000
0.060254,0.016552,0.923194
0.146289,0.853710,0.000000
0.051823,0.948177,0.000000
0.521446,0.478477,0.000078
0.940814,0.059132,0.000054
0.947898,0.052039,0.000064
0.588646,0.411063,0.000291
0.932044,0.067889,0.000067
0.679680,0.320244,0.000076
0.070085,0.929915,0.000000
0.905396,0.094595,0.000009
0.035577,0.964423,0.000000
0.936846,0.063111,0.000042
0.948703,0.051232,0.000065
0.079022,0.022585,0.898393
0.945182,0.054778,0.000040
0.063655,0.017507,0.918838
0.940163,0.059798,0.000039
0.572884,0.426997,0.000119
0.012625,0.987375,0.000000
0.031100,0.968900,0.000000
0.114994,0.034736,0.850270
0.063052,0.936947,0.000000
0.071385,0.020687,0.907929
0.948883,0.051061,0.000056
0.168690,0.062240,0.769070
0.029304,0.970696,0.000000
0.298169,0.144586,0.557245
0.267727,0.105603,0.626670
0.064795,0.017807,0.917398
0.985945,0.014045,0.000010
0.063897,0.936103,0.000000
0.962752,0.037233,0.000014
0.184508,0.070371,0.745121
0.260372,0.729672,0.009956
0.063527,0.017456,0.919017
0.951777,0.048208,0.000015
0.955838,0.044162,0.000000
0.948131,0.051778,0.000092
0.084001,0.915999,0.000000
0.270852,0.130223,0.598925
0.544178,0.455821,0.000000
0.028197,0.971803,0.000000
0.066904,0.018599,0.914498
0.068216,0.019130,0.912655
0.296690,0.703310,0.000000
0.079052,0.920948,0.000000
0.140070,0.050928,0.809002
0.951102,0.048897,0.000001
0.955533,0.044438,0.000029
0.008721,0.991279,0.000000
0.004128,0.995872,0.000000
0.044701,0.955299,0.000000
0.963846,0.036131,0.000023
0.929505,0.070276,0.000220
0.943708,0.056290,0.000002
0.245205,0.754793,0.000001
0.070799,0.019156,0.910045
0.275430,0.724566,0.000004
0.147447,0.052322,0.800232
0.179326,0.820674,0.000000
0.068070,0.019641,0.912288
0.438949,0.560576,0.000475
0.949952,0.050027,0.000021
0.456756,0.543243,0.000000
0.923282,0.076710,0.000008
0.932236,0.067712,0.000052
0.191918,0.808082,0.000000
0.191245,0.808752,0.000002
0.024195,0.975805,0.000000
0.191795,0.075691,0.732514
0.266705,0.125725,0.607570
0.881633,0.118331,0.000036
0.113500,0.886500,0.000000
0.076880,0.022846,0.900275
0.075202,0.020696,0.904101
0.548434,0.448512,0.003054
0.940261,0.059682,0.000057
0.550350,0.238152,0.211498
0.361046,0.625873,0.013081
0.243316,0.756684,0.000000
0.949666,0.050272,0.000062
0.058043,0.016306,0.925651
0.427598,0.572394,0.000008
0.005202,0.994798,0.000000
0.004024,0.995976,0.000000
0.415490,0.236100,0.348410
0.073452,0.020333,0.906216
0.343107,0.656811,0.000082
0.905342,0.094629,0.000029
0.239321,0.103912,0.656766
0.819633,0.180367,0.000000
0.932538,0.067451,0.000010
0.061801,0.016969,0.921230
0.384508,0.615447,0.000046
0.013526,0.986474,0.000000
0.003848,0.996152,0.000000
0.148474,0.851526,0.000000
0.469032,0.476152,0.054816
0.918524,0.081408,0.000069
0.009114,0.990886,0.000000
0.013426,0.986574,0.000000
0.864338,0.135575,0.000088
0.202470,0.797530,0.000001
0.923315,0.076671,0.000014
0.945937,0.054025,0.000037
0.614282,0.354695,0.031023
0.167192,0.832808,0.000000
0.954950,0.045049,0.000001
0.379349,0.620514,0.000137
0.163220,0.836779,0.000000
0.914186,0.085799,0.000015
0.961651,0.038264,0.000085
0.946933,0.053043,0.000024
0.330281,0.646279,0.023440
0.063521,0.017306,0.919173
0.502786,0.497212,0.000002
0.073203,0.926797,0.000000
0.341666,0.658155,0.000179
0.244466,0.755532,0.000003
0.950141,0.049797,0.000063
0.155343,0.053493,0.791163
0.068947,0.019758,0.911295
0.059743,0.940257,0.000000
0.503613,0.496382,0.000006
0.451083,0.548906,0.000011
0.406059,0.235099,0.358842
0.065895,0.017997,0.916107
0.942799,0.057121,0.000079
0.164766,0.059125,0.776109
0.160229,0.055848,0.783922
0.528147,0.360378,0.111475
0.309619,0.686345,0.004036
0.062657,0.017534,0.919809
0.056909,0.943091,0.000000
0.084013,0.024371,0.891616
0.123833,0.876167,0.000000
0.329006,0.670992,0.000002
0.645443,0.354520,0.000036
0.665610,0.334389,0.000000
0.069053,0.930947,0.000000
0.340802,0.659154,0.000044
0.164147,0.835847,0.000006
0.086890,0.913110,0.000000
0.918851,0.081106,0.000043
0.136331,0.046011,0.817658
0.543420,0.456564,0.000016
0.208355,0.791645,0.000000
0.469032,0.476152,0.054816
0.092323,0.028530,0.879147
0.401496,0.598501,0.000003
0.060865,0.016518,0.922617
0.953206,0.046721,0.000073
0.948897,0.051084,0.000019
0.071057,0.928943,0.000000
0.006090,0.993910,0.000000
0.957650,0.042332,0.000018
0.916640,0.083352,0.000008
0.059912,0.940086,0.000001
0.058043,0.016306,0.925651
0.953263,0.046710,0.000027
0.138851,0.861147,0.000003
0.081806,0.918194,0.000000
0.889286,0.110604,0.000109
0.080890,0.023399,0.895710
0.752421,0.247360,0.000219
0.323020,0.676979,0.000001
0.541075,0.458920,0.000005
0.077534,0.922465,0.000001
0.479862,0.520067,0.000071
0.122658,0.040163,0.837179
0.951967,0.047955,0.000078
0.183049,0.816951,0.000000
0.025305,0.974695,0.000000
0.229258,0.096848,0.673895
0.156965,0.843034,0.000001
0.938719,0.061239,0.000042
0.202269,0.082878,0.714853
0.195791,0.804209,0.000000
0.953429,0.046513,0.000059
0.095292,0.028918,0.875790
0.393929,0.606043,0.000028
0.702139,0.297854,0.000007
0.197518,0.802481,0.000001
0.919455,0.080537,0.000008
0.343500,0.178802,0.477699
0.005909,0.994091,0.000000
0.022359,0.977641,0.000000
0.021315,0.978685,0.000000
0.016723,0.983277,0.000000
0.947664,0.052294,0.000042
0.354953,0.645030,0.000017
0.673562,0.326350,0.000088
0.955265,0.044728,0.000007
0.929266,0.070662,0.000072
0.143540,0.856460,0.000000
0.240284,0.759689,0.000027
0.419050,0.580950,0.000000
0.014773,0.985227,0.000000
0.112732,0.887268,0.000000
0.090879,0.909114,0.000007
0.402606,0.581793,0.015601
0.946896,0.053050,0.000054
0.009149,0.990851,0.000000
0.005754,0.994246,0.000000
0.132570,0.867430,0.000000
0.034591,0.965409,0.000000
0.004719,0.995281,0.000000
0.578311,0.421686,0.000003
0.340822,0.659086,0.000092
0.142390,0.049257,0.808352
0.048381,0.951619,0.000000
0.110847,0.035120,0.854032
0.334333,0.665667,0.000000
0.922152,0.077771,0.000077
0.007840,0.992160,0.000000
0.943078,0.056863,0.000059
0.940533,0.059389,0.000079
0.069643,0.019824,0.910533
0.004283,0.995717,0.000000
0.072089,0.019647,0.908264
0.084445,0.915555,0.000000
0.071464,0.020443,0.908093
0.203988,0.796011,0.000001
0.471568,0.528407,0.000024
0.063084,0.016631,0.920286
0.028108,0.971892,0.000000
0.866686,0.133309,0.000006
0.081825,0.023385,0.894790
0.717258,0.282739,0.000003
0.137396,0.862576,0.000028
0.916946,0.083036,0.000018
0.041735,0.958265,0.000000
0.484013,0.515664,0.000323
0.947266,0.052674,0.000060
0.962327,0.037654,0.000019
0.318653,0.681304,0.000043
0.897157,0.102841,0.000002
0.078627,0.023110,0.898263
0.382265,0.617655,0.000080
0.920072,0.079916,0.000013
0.536248,0.458280,0.005471
0.561658,0.438329,0.000013
0.169495,0.066169,0.764336
0.154309,0.051359,0.794332
0.987990,0.011997,0.000013
0.245876,0.094329,0.659794
0.219529,0.780410,0.000062
0.666149,0.333192,0.000659
0.949105,0.050865,0.000030
0.001606,0.998394,0.000000
0.949154,0.050727,0.000119
0.140526,0.048069,0.811405
0.946897,0.053043,0.000059
0.177363,0.068626,0.754011
0.077568,0.021897,0.900534
0.140659,0.048128,0.811213
0.036200,0.963800,0.000000
0.510260,0.456826,0.032914
0.267814,0.732180,0.000006
0.081838,0.022525,0.895637
0.040558,0.959442,0.000000
0.938779,0.061201,0.000020
0.640593,0.359298,0.000109
0.004205,0.995795,0.000000
0.037773,0.962227,0.000000
0.157700,0.842300,0.000000
0.034156,0.965844,0.000000
0.060479,0.017160,0.922361
0.323417,0.676582,0.000001
0.938144,0.061777,0.000079
0.310675,0.689322,0.000002
0.941435,0.058560,0.000005
0.747542,0.252428,0.000030
0.952309,0.047636,0.000055
0.892924,0.107069,0.000007
0.403634,0.215008,0.381358
0.329475,0.670429,0.000097
0.244475,0.112843,0.642682
0.449706,0.550286,0.000008
0.587730,0.409189,0.003082
0.308568,0.691287,0.000146
0.182317,0.070022,0.747661
0.399440,0.157231,0.443329
0.066391,0.933609,0.000000
0.495202,0.365515,0.139283
0.060321,0.016272,0.923407
0.102302,0.031666,0.866032
0.584458,0.415542,0.000001
0.086516,0.023691,0.889793
0.378101,0.205751,0.416148
0.061995,0.017163,0.920841
0.129379,0.870621,0.000000
0.314578,0.685346,0.000076
